40 2 3 4 5 6 7 8 9 10 11 12 13 14 15 16 17 18 19 21 61
41 2 3 4 5 6 7 8 9 10 11 12 13 14 15 16 17 18 19 22 63
42 2 3 4 5 6 7 8 9 10 11 12 13 14 15 16 17 18 19 23 57
43 2 3 4 5 6 7 8 9 10 11 12 13 14 15 16 17 18 19 24 57
44 2 3 4 5 6 7 8 9 10 11 12 13 14 15 16 17 18 19 25 97
45 2 3 4 5 6 7 8 9 10 11 12 13 14 15 16 17 18 19 26 11
46 2 3 4 5 6 7 8 9 10 11 12 13 14 15 16 17 18 19 27 12
47 2 3 4 5 6 7 8 9 10 11 12 13 14 15 16 17 18 19 28 0
48 2 3 4 5 6 7 8 9 10 11 12 13 14 15 16 17 18 19 29 99
49 2 3 4 5 6 7 8 9 10 11 12 13 14 15 16 17 18 19 30 88
50 2 3 4 5 6 7 8 9 10 11 12 13 14 15 16 17 18 19 31 77
51 2 3 4 5 6 7 8 9 10 11 12 13 14 15 16 17 18 19 32 66
52 2 3 4 5 6 7 8 9 10 11 12 13 14 15 16 17 18 19 33 55
53 2 3 4 5 6 7 8 9 10 11 12 13 14 15 16 17 18 19 34 44
54 2 3 4 5 6 7 8 9 10 11 12 13 14 15 16 17 18 19 35 33
55 2 3 4 5 6 7 8 9 10 11 12 13 14 15 16 17 18 19 36 32
56 2 3 4 5 6 7 8 9 10 11 12 13 14 15 16 17 18 19 37 31
57 2 3 4 5 6 7 8 9 10 11 12 13 14 15 16 17 18 19 38 30
58 2 3 4 5 6 7 8 9 10 11 12 13 14 15 16 17 18 19 39 29
59 2 3 4 5 6 7 8 9 10 11 12 13 14 15 16 17 18 19 40 28